0
0
0
0
0
0
0
0
0
0
0
0
0
0
0
0
0
0
0
0
0
0
0
0
0
0
0
0
0
0
0
0
0
0
0
0
0
0
0
0
0
0
0
0
0
0
0
0
0
0
0
0
0
0
0
0
0
0
0
0
0
0
0
0
0
0
0
0
0
0
0
0
0
0
0
0
0
0
0.4779026770716329
0
0
0
0
0
0
0
0.5959348908703014
0
0
0
0
0
0
0
0.2652159769872277
0
0
0
0
0
0
0
-0.2652159769872274
0
0
0
0
0
0
0
-0.5959348908703014
0
0
0
0
0
0
0
-0.477902677071633
0
0
0
0
0
0
0
0
0
0
0
0
0
0
0
0
0
0
0
0
0
0
0
0.5959348908703014
0
0
0
0
0
0
0
0.7431186540588605
0
0
0
0
0
0
0
0.330718913883074
0
0
0
0
0
0
0
-0.3307189138830738
0
0
0
0
0
0
0
-0.7431186540588605
0
0
0
0
0
0
0
-0.5959348908703015
0
0
0
0
0
0
0
0
0
0
0
0
0
0
0
0
0
0
0
0
0
0
0
0.2652159769872276
0
0
0
0
0
0
0
0.330718913883074
0
0
0
0
0
0
0
0.1471837631885591
0
0
0
0
0
0
0
-0.147183763188559
0
0
0
0
0
0
0
-0.330718913883074
0
0
0
0
0
0
0
-0.2652159769872277
0
0
0
0
0
0
0
0
0
0
0
0
0
0
0
0
0
0
0
0
0
0
0
-0.2652159769872275
0
0
0
0
0
0
0
-0.3307189138830738
0
0
0
0
0
0
0
-0.147183763188559
0
0
0
0
0
0
0
0.1471837631885589
0
0
0
0
0
0
0
0.3307189138830738
0
0
0
0
0
0
0
0.2652159769872275
0
0
0
0
0
0
0
0
0
0
0
0
0
0
0
0
0
0
0
0
0
0
0
-0.5959348908703014
0
0
0
0
0
0
0
-0.7431186540588605
0
0
0
0
0
0
0
-0.330718913883074
0
0
0
0
0
0
0
0.3307189138830738
0
0
0
0
0
0
0
0.7431186540588605
0
0
0
0
0
0
0
0.5959348908703015
0
0
0
0
0
0
0
0
0
0
0
0
0
0
0
0
0
0
0
0
0
0
0
-0.477902677071633
0
0
0
0
0
0
0
-0.5959348908703015
0
0
0
0
0
0
0
-0.2652159769872277
0
0
0
0
0
0
0
0.2652159769872275
0
0
0
0
0
0
0
0.5959348908703015
0
0
0
0
0
0
0
0.477902677071633
0
0
0
0
0
0
0
0
0
0
0
0
0
0
0
0
0
0
0
0
0
0
0
0
0
0
0
0
0
0
0
0
0
0
0
0
0
0
0
0
0
0
0
0
0
0
0
0
0
0
0
0
0
0
0
0
0
0
0
0
0
0
0
0
0
0
0
0
0
0
0
0
0
