137046 0
220258 0
248611 0
212233 0
205723 0
216776 0
212297 0
128594 0
137110 0
216712 0
183135 0
232414 0
243168 0
228503 0
248421 0
182490 0
132820 0
216713 0
228567 0
243104 0
184872 0
216777 0
66645 0
248485 0
232350 0
186586 0
220809 0
236446 0
220873 0
224527 0
214937 0
203549 0
95505 0
139032 0
224906 0
223515 0
150745 0
139096 0
201816 0
224591 0
95569 0
216013 0
222248 0
224970 0
223579 0
229002 0
154841 0
222117 0
135000 0
144401 0
99601 0
228815 0
227420 0
136656 0
248870 0
228876 0
132625 0
216015 0
193181 0
226279 0
146776 0
239658 0
236319 0
228940 0
234718 0
187166 0
252193 0
240352 0
240288 0
232550 0
202970 0
229004 0
79960 0
187230 0
173654 0
228875 0
104017 0
228939 0
209129 0
220048 0
229003 0
139031 0
220050 0
220259 0
151128 0
50969 0
236579 0
140816 0
248361 0
193435 0
224660 0
91281 0
139095 0
80222 0
154905 0
59548 0
151256 0
129438 0
217376 0
189148 0
155160 0
228563 0
222299 0
46423 0
232547 0
84382 0
103505 0
134425 0
228692 0
215954 0
222363 0
55388 0
232483 0
188956 0
252457 0
189339 0
228756 0
103569 0
252071 0
134999 0
150809 0
228562 0
138837 0
124498 0
157590 0
212616 0
138901 0
119187 0
226474 0
212680 0
244515 0
190682 0
205164 0
224905 0
224969 0
204971 0
252196 0
201507 0
227996 0
212170 0
134934 0
230498 0
228625 0
134998 0
202519 0
224410 0
192936 0
170400 0
228817 0
211798 0
122451 0
134804 0
235563 0
92377 0
122515 0
129442 0
210392 0
122579 0
129506 0
243618 0
248614 0
243108 0
168213 0
178007 0
224716 0
228877 0
79832 0
244000 0
247333 0
103059 0
228941 0
232786 0
49501 0
170909 0
226337 0
212551 0
181527 0
248676 0
211796 0
212679 0
29212 0
190747 0
130773 0
248483 0
212615 0
127697 0
160083 0
256293 0
156442 0
110995 0
99858 0
132950 0
216162 0
220872 0
99922 0
133014 0
220808 0
218265 0
186910 0
228879 0
143193 0
130902 0
228124 0
83669 0
63192 0
180635 0
212298 0
208584 0
224402 0
252389 0
134805 0
123283 0
244774 0
130901 0
150872 0
67094 0
228454 0
220429 0
127761 0
208519 0
115409 0
155987 0
183261 0
208583 0
224598 0
140049 0
137368 0
215952 0
211981 0
224907 0
134933 0
125412 0
185050 0
178328 0
194070 0
58199 0
220237 0
236320 0
134997 0
144915 0
194842 0
228878 0
139094 0
234793 0
59224 0
198423 0
228506 0
188840 0
156632 0
129505 0
215897 0
209697 0
112858 0
172952 0
95956 0
232548 0
149011 0
252263 0
166170 0
228691 0
79444 0
228755 0
176281 0
215892 0
175069 0
170267 0
189592 0
228569 0
201628 0
228690 0
175005 0
116823 0
228754 0
126485 0
162970 0
220556 0
232973 0
177303 0
228382 0
120597 0
252839 0
137500 0
180773 0
66580 0
224597 0
157980 0
220055 0
99026 0
228693 0
139097 0
180907 0
152721 0
220431 0
147031 0
143128 0
220810 0
219419 0
163033 0
180843 0
143192 0
129509 0
238887 0
147095 0
232974 0
71834 0
134550 0
84186 0
136787 0
100052 0
228452 0
58198 0
83476 0
232787 0
67739 0
176344 0
232910 0
100764 0
172825 0
218023 0
104600 0
151193 0
140881 0
232909 0
224406 0
232415 0
228813 0
228694 0
228376 0
204039 0
224599 0
70292 0
219991 0
228629 0
228628 0
209761 0
252199 0
228627 0
219994 0
173911 0
228812 0
58262 0
232723 0
46040 0
136721 0
220111 0
248289 0
189085 0
132560 0
224780 0
222183 0
142680 0
243754 0
220621 0
58517 0
238949 0
84120 0
148246 0
140624 0
130837 0
111505 0
148370 0
139030 0
63191 0
218712 0
244587 0
234594 0
224529 0
235933 0
230497 0
131411 0
244387 0
189528 0
161047 0
228505 0
228626 0
185003 0
148625 0
142935 0
252203 0
243175 0
215323 0
210072 0
248422 0
232911 0
147224 0
228317 0
232722 0
212487 0
104599 0
141595 0
83734 0
248740 0
147162 0
134678 0
123284 0
162844 0
228814 0
96668 0
168921 0
156820 0
174495 0
236578 0
193249 0
248739 0
243870 0
112210 0
211859 0
95890 0
248356 0
104795 0
169814 0
216648 0
141400 0
234725 0
173782 0
228630 0
79703 0
248805 0
212168 0
194520 0
228631 0
75607 0
204103 0
152850 0
208072 0
224535 0
117147 0
215955 0
190294 0
212552 0
236576 0
228938 0
238888 0
228688 0
130836 0
228502 0
236511 0
224717 0
228752 0
111568 0
130900 0
224842 0
232480 0
218329 0
100053 0
186974 0
201443 0
143129 0
180774 0
83605 0
228816 0
236189 0
234858 0
208455 0
256229 0
234728 0
220746 0
247916 0
185051 0
210199 0
146585 0
156631 0
208264 0
165333 0
224343 0
62998 0
137434 0
91731 0
244775 0
220745 0
228632 0
204423 0
119505 0
151891 0
212360 0
169429 0
228439 0
216649 0
224536 0
58902 0
130454 0
133338 0
87635 0
240679 0
244393 0
159065 0
63708 0
244514 0
143127 0
179101 0
238954 0
204359 0
252133 0
232912 0
228565 0
228564 0
230503 0
126611 0
227612 0
224592 0
126740 0
228818 0
137499 0
202583 0
66070 0
228753 0
222247 0
232848 0
220175 0
203228 0
247851 0
80089 0
103825 0
215387 0
206231 0
248486 0
142871 0
220176 0
185067 0
210008 0
148689 0
252267 0
232847 0
124111 0
153624 0
224843 0
205033 0
248552 0
143130 0
228750 0
96604 0
248290 0
174559 0
201130 0
156756 0
179228 0
154777 0
228751 0
227356 0
138967 0
248680 0
232846 0
100700 0
165719 0
220620 0
163034 0
172309 0
186973 0
147226 0
201442 0
248490 0
220236 0
243999 0
166105 0
50841 0
224412 0
197593 0
130517 0
59419 0
220619 0
126739 0
201063 0
224654 0
92508 0
252386 0
178655 0
197034 0
175132 0
132303 0
239523 0
228438 0
146712 0
224653 0
197346 0
216140 0
170201 0
63515 0
216523 0
216522 0
215643 0
236577 0
87701 0
147225 0
184870 0
232849 0
214042 0
240674 0
108178 0
243360 0
84315 0
181018 0
216521 0
91730 0
67740 0
138965 0
244320 0
236582 0
136271 0
159064 0
230494 0
147161 0
220172 0
126548 0
247904 0
224348 0
244063 0
220555 0
50456 0
165334 0
211857 0
228444 0
140240 0
216076 0
216459 0
186457 0
243431 0
216458 0
215579 0
157462 0
212488 0
216457 0
84251 0
135889 0
234794 0
224212 0
208391 0
58453 0
84056 0
174942 0
67222 0
206874 0
151000 0
134424 0
220557 0
204295 0
151257 0
218087 0
138584 0
87571 0
248549 0
104730 0
130390 0
216585 0
243747 0
212424 0
17505 0
71963 0
216584 0
50071 0
185942 0
224779 0
243745 0
165462 0
220683 0
128207 0
149528 0
216269 0
252646 0
172310 0
220682 0
203227 0
247852 0
224778 0
207323 0
178654 0
150681 0
224655 0
223260 0
248550 0
228189 0
176406 0
117221 0
231644 0
216586 0
199131 0
224279 0
91667 0
252645 0
108826 0
92506 0
220681 0
220558 0
88412 0
171036 0
170973 0
212105 0
126420 0
120919 0
232850 0
130581 0
143635 0
222489 0
232785 0
199260 0
224150 0
197406 0
247915 0
220239 0
232784 0
219227 0
252838 0
197720 0
228687 0
238886 0
252322 0
224590 0
110932 0
134869 0
113051 0
235678 0
181209 0
138966 0
223196 0
218141 0
198809 0
224405 0
71512 0
216460 0
158874 0
185305 0
134870 0
227292 0
202905 0
230493 0
228501 0
220494 0
224216 0
204294 0
216204 0
228318 0
212489 0
145825 0
247843 0
130772 0
17182 0
162906 0
156117 0
102613 0
220492 0
216267 0
158810 0
239647 0
160213 0
123093 0
216396 0
228380 0
122388 0
216395 0
92441 0
216394 0
95186 0
146839 0
227485 0
211739 0
212106 0
228689 0
45342 0
147160 0
95313 0
142617 0
230684 0
212362 0
211483 0
143064 0
234780 0
146713 0
83992 0
175006 0
150936 0
220493 0
127825 0
151192 0
243686 0
107537 0
220114 0
126676 0
248032 0
50391 0
185750 0
244513 0
126675 0
227676 0
117218 0
232157 0
123664 0
220240 0
137566 0
158873 0
143063 0
208327 0
78229 0
124629 0
134487 0
54872 0
206680 0
188699 0
248427 0
144528 0
252326 0
133539 0
220618 0
219739 0
232481 0
112274 0
88411 0
176922 0
212425 0
146967 0
180971 0
205912 0
152785 0
220495 0
212423 0
74133 0
122387 0
243554 0
252332 0
134868 0
224528 0
71833 0
134613 0
228624 0
228440 0
152978 0
252773 0
204231 0
129373 0
120272 0
236384 0
238942 0
178200 0
204230 0
130392 0
252202 0
193497 0
143062 0
220430 0
224152 0
98708 0
239711 0
195164 0
207706 0
216203 0
186199 0
142554 0
153559 0
216332 0
166237 0
160149 0
216331 0
149858 0
54487 0
181654 0
240417 0
146903 0
216330 0
212234 0
224353 0
92640 0
215131 0
248742 0
119696 0
220432 0
199068 0
75929 0
149463 0
220428 0
115219 0
248160 0
156053 0
212361 0
121115 0
224530 0
151127 0
223452 0
208263 0
78165 0
252323 0
212359 0
74069 0
226842 0
120854 0
224149 0
240678 0
140367 0
154968 0
216333 0
123665 0
236190 0
129437 0
228504 0
153042 0
252837 0
75671 0
204167 0
215957 0
151064 0
224467 0
248553 0
236643 0
244773 0
75995 0
228453 0
76124 0
198745 0
138902 0
162969 0
238951 0
147159 0
219164 0
71964 0
115028 0
210969 0
160215 0
142934 0
193436 0
224464 0
232349 0
243298 0
252076 0
220368 0
220367 0
125410 0
239522 0
252710 0
121311 0
133468 0
70740 0
195293 0
213855 0
220366 0
135636 0
234717 0
198681 0
227308 0
76060 0
127316 0
138838 0
145759 0
224277 0
224466 0
134741 0
55387 0
130708 0
243872 0
180506 0
79573 0
176539 0
239592 0
198167 0
191198 0
86994 0
138647 0
74771 0
207644 0
214105 0
103186 0
207515 0
66008 0
224465 0
150935 0
203548 0
140623 0
248555 0
220369 0
79316 0
151063 0
223388 0
230436 0
126612 0
247968 0
176410 0
230621 0
202777 0
80156 0
123220 0
227164 0
134742 0
199324 0
216266 0
130645 0
157979 0
161816 0
220365 0
142870 0
115092 0
243936 0
173462 0
130644 0
165142 0
216268 0
234660 0
158937 0
142999 0
220304 0
138774 0
127380 0
247524 0
179038 0
71318 0
210970 0
140495 0
155096 0
142998 0
220110 0
133274 0
185064 0
130518 0
199518 0
215002 0
58966 0
212296 0
232029 0
126547 0
219098 0
63062 0
208200 0
252004 0
74452 0
71511 0
208199 0
203976 0
185306 0
134677 0
71641 0
123028 0
226778 0
116694 0
212169 0
174427 0
120790 0
216265 0
186715 0
147096 0
220179 0
161110 0
118292 0
130580 0
243744 0
126484 0
240677 0
80091 0
168793 0
224357 0
232549 0
207704 0
209696 0
154716 0
244771 0
184860 0
180908 0
240610 0
218267 0
152849 0
228451 0
140883 0
104148 0
224356 0
62294 0
224146 0
224355 0
55065 0
240675 0
50392 0
148753 0
244706 0
149269 0
236645 0
211800 0
205600 0
150620 0
168920 0
125409 0
219993 0
205601 0
108762 0
185063 0
59290 0
236644 0
217312 0
193246 0
226714 0
243998 0
211860 0
130709 0
126483 0
211035 0
232546 0
252197 0
106899 0
103954 0
239136 0
145238 0
228450 0
67803 0
172889 0
248808 0
236581 0
244384 0
236646 0
198874 0
230558 0
159000 0
184796 0
128659 0
232551 0
252131 0
247398 0
240676 0
174362 0
99987 0
236647 0
248354 0
224276 0
156885 0
248745 0
124564 0
236580 0
178458 0
232482 0
195294 0
82898 0
134551 0
219675 0
54808 0
248363 0
232545 0
99090 0
145626 0
236583 0
179102 0
243173 0
247914 0
155032 0
238946 0
220177 0
203355 0
150999 0
212232 0
166106 0
199454 0
208136 0
156503 0
170202 0
71447 0
208135 0
228507 0
166301 0
90325 0
216139 0
195100 0
139860 0
224411 0
170397 0
230435 0
191004 0
143956 0
224413 0
50135 0
111952 0
186006 0
243620 0
63514 0
224349 0
195292 0
234595 0
228443 0
133469 0
186327 0
184996 0
111123 0
152786 0
216075 0
230499 0
224347 0
137565 0
102549 0
182231 0
144147 0
248288 0
193373 0
142807 0
181463 0
54678 0
224350 0
248807 0
228445 0
243232 0
141142 0
224354 0
244707 0
144979 0
243366 0
108244 0
220260 0
224352 0
252140 0
215771 0
243239 0
96736 0
220257 0
220256 0
215894 0
218777 0
243112 0
224351 0
228446 0
195228 0
186263 0
228379 0
152722 0
42522 0
17245 0
224218 0
244524 0
228449 0
88544 0
228448 0
79381 0
228385 0
239400 0
228384 0
228383 0
207003 0
161045 0
174298 0
204040 0
152407 0
219990 0
214681 0
239016 0
228447 0
159128 0
224278 0
142806 0
41436 0
228381 0
174168 0
224340 0
75284 0
248418 0
138710 0
92641 0
243816 0
180441 0
220243 0
76190 0
147032 0
224217 0
220244 0
230811 0
88545 0
134614 0
126421 0
166877 0
208009 0
122324 0
46041 0
232479 0
179165 0
166171 0
193688 0
224473 0
197532 0
37532 0
195357 0
118228 0
236126 0
228568 0
80285 0
104018 0
239200 0
145302 0
224537 0
79896 0
187294 0
146840 0
96802 0
96472 0
215951 0
252321 0
193117 0
141732 0
99153 0
236447 0
228566 0
112792 0
202906 0
138711 0
159001 0
63644 0
192989 0
244578 0
125342 0
224468 0
248681 0
244460 0
128080 0
228570 0
202392 0
224027 0
42265 0
202263 0
187102 0
91090 0
142743 0
46488 0
122325 0
228500 0
158749 0
224404 0
248617 0
123984 0
224474 0
220370 0
243238 0
248482 0
219929 0
138646 0
224214 0
176346 0
220303 0
128982 0
208073 0
178523 0
224403 0
113118 0
248489 0
119888 0
152595 0
247910 0
165525 0
210584 0
215835 0
216202 0
220306 0
154904 0
188892 0
209700 0
210519 0
54936 0
152086 0
188763 0
144464 0
248491 0
220305 0
173208 0
87830 0
247909 0
230810 0
100503 0
216201 0
131284 0
186651 0
220302 0
182620 0
220301 0
216205 0
150808 0
192988 0
126358 0
162010 0
126357 0
244641 0
130453 0
55193 0
220307 0
109022 0
239648 0
122261 0
239261 0
240482 0
121246 0
163097 0
188893 0
136399 0
243619 0
224342 0
224341 0
128208 0
142427 0
256230 0
117219 0
235805 0
59160 0
228442 0
228441 0
247911 0
224339 0
80286 0
67481 0
137239 0
220242 0
133078 0
224211 0
216138 0
203291 0
220241 0
212042 0
211799 0
184933 0
220238 0
9056 0
107090 0
135508 0
62741 0
216141 0
181782 0
54103 0
157205 0
223964 0
244523 0
133536 0
184937 0
175131 0
228378 0
235869 0
148434 0
207643 0
208010 0
122262 0
252324 0
141530 0
138395 0
144274 0
226777 0
130391 0
59095 0
239527 0
203356 0
130455 0
120533 0
146775 0
179039 0
83475 0
243233 0
100634 0
126294 0
42457 0
116437 0
142679 0
247463 0
231066 0
224344 0
133542 0
76061 0
248677 0
224273 0
235677 0
128725 0
138583 0
207946 0
212043 0
243552 0
228377 0
37341 0
224280 0
247847 0
224275 0
220178 0
224147 0
235486 0
154714 0
235551 0
147925 0
162141 0
164245 0
174039 0
123411 0
211979 0
112922 0
122198 0
252260 0
194327 0
167066 0
247525 0
244586 0
86547 0
220174 0
168212 0
108438 0
224281 0
239456 0
161623 0
167130 0
220173 0
224274 0
220051 0
231964 0
134299 0
222681 0
126295 0
140178 0
161301 0
228060 0
137632 0
230434 0
224282 0
231773 0
29150 0
210263 0
239465 0
146649 0
190877 0
201064 0
207947 0
46360 0
194006 0
215953 0
141529 0
211980 0
239712 0
236513 0
157981 0
167002 0
150683 0
167003 0
248492 0
240029 0
171099 0
146587 0
218585 0
122199 0
248488 0
156116 0
224215 0
243746 0
162140 0
109023 0
226906 0
224213 0
148179 0
133272 0
211856 0
54039 0
216077 0
226713 0
130327 0
59031 0
203484 0
248619 0
172440 0
120208 0
240351 0
130328 0
168666 0
248426 0
243685 0
230500 0
224209 0
220113 0
142616 0
220112 0
222617 0
126231 0
54935 0
199388 0
138520 0
111633 0
224210 0
243751 0
95185 0
134488 0
235562 0
116112 0
236255 0
136081 0
126232 0
113124 0
164570 0
234597 0
162205 0
219930 0
67416 0
154778 0
140177 0
122136 0
176858 0
186520 0
243368 0
122135 0
215834 0
248417 0
148307 0
150682 0
211738 0
244321 0
144211 0
75608 0
146586 0
220109 0
96800 0
186975 0
244772 0
170266 0
126233 0
227484 0
248869 0
218076 0
244708 0
230746 0
131220 0
83799 0
244709 0
90389 0
205788 0
248804 0
211917 0
239593 0
219292 0
171035 0
153109 0
219868 0
244711 0
119760 0
248806 0
227933 0
193184 0
244710 0
149013 0
215772 0
141728 0
153044 0
166939 0
232478 0
248803 0
128335 0
228315 0
107728 0
162907 0
248423 0
198102 0
244712 0
240673 0
228316 0
216014 0
137370 0
211918 0
157850 0
205100 0
54167 0
181846 0
232416 0
62805 0
145432 0
252330 0
240159 0
152154 0
58263 0
194134 0
236512 0
240609 0
193253 0
108309 0
248743 0
128271 0
228251 0
162843 0
232094 0
125341 0
248741 0
111824 0
158811 0
185065 0
224219 0
124239 0
228314 0
248224 0
21341 0
182167 0
224283 0
226333 0
248744 0
190038 0
240608 0
142491 0
207642 0
142490 0
248674 0
113054 0
91217 0
138521 0
228313 0
231390 0
150618 0
152021 0
114901 0
152596 0
228312 0
103632 0
150619 0
109027 0
124112 0
146523 0
121315 0
161365 0
170464 0
244651 0
222178 0
244650 0
248679 0
238823 0
219163 0
252774 0
231772 0
228061 0
215067 0
201566 0
248678 0
119632 0
210328 0
142492 0
235561 0
116435 0
243425 0
205148 0
228254 0
228253 0
169878 0
248675 0
193185 0
206167 0
142553 0
252331 0
90326 0
230633 0
228252 0
177367 0
252775 0
244643 0
247590 0
244642 0
92638 0
202071 0
138457 0
248424 0
156052 0
162076 0
230566 0
224151 0
103122 0
154715 0
113123 0
92376 0
220047 0
248225 0
189021 0
145828 0
103249 0
232351 0
108696 0
198810 0
240545 0
185814 0
133337 0
248362 0
176538 0
193247 0
244705 0
197975 0
134361 0
224028 0
95957 0
192923 0
244588 0
248682 0
244385 0
148562 0
21277 0
228250 0
240544 0
152658 0
17181 0
239390 0
224154 0
230875 0
224153 0
215896 0
145173 0
248487 0
21471 0
230557 0
146524 0
239068 0
74198 0
130265 0
130329 0
236448 0
219992 0
25567 0
142428 0
243494 0
248738 0
100899 0
59225 0
126169 0
184924 0
220054 0
220053 0
17440 0
244449 0
46746 0
248618 0
84316 0
193122 0
152660 0
166940 0
231324 0
248616 0
79187 0
96735 0
248615 0
236062 0
162780 0
124887 0
252709 0
80221 0
128983 0
248613 0
76125 0
132754 0
248612 0
190811 0
100310 0
158747 0
185001 0
224155 0
124175 0
234722 0
79574 0
49944 0
202842 0
112728 0
236383 0
240481 0
158748 0
252194 0
213862 0
63190 0
236382 0
217958 0
232286 0
154652 0
116176 0
240480 0
232285 0
228188 0
198616 0
201753 0
231645 0
247908 0
78548 0
67415 0
130266 0
205602 0
194391 0
134362 0
244577 0
224092 0
202712 0
197657 0
256294 0
235741 0
238950 0
220056 0
131730 0
110996 0
213795 0
207516 0
224091 0
201506 0
75672 0
182103 0
146650 0
152594 0
224090 0
226410 0
244579 0
164824 0
121313 0
217375 0
224089 0
209698 0
190295 0
61974 0
138458 0
224088 0
138394 0
189910 0
220049 0
134298 0
215895 0
252265 0
147860 0
239263 0
224148 0
33372 0
239197 0
240418 0
226341 0
211920 0
179164 0
113053 0
216016 0
145366 0
220115 0
175068 0
100765 0
189974 0
129444 0
240416 0
170972 0
219034 0
236318 0
193001 0
187167 0
214938 0
232222 0
188905 0
183071 0
166876 0
108957 0
211858 0
252200 0
232221 0
211419 0
220052 0
37468 0
135635 0
206745 0
228125 0
203420 0
115856 0
252070 0
129443 0
219995 0
71125 0
170330 0
67674 0
162845 0
178522 0
154653 0
144338 0
219931 0
239591 0
115792 0
148499 0
252006 0
176343 0
206488 0
248620 0
162781 0
248556 0
215833 0
129441 0
227035 0
113052 0
168729 0
215832 0
211737 0
211801 0
152979 0
117148 0
231388 0
211736 0
239774 0
108955 0
94675 0
207763 0
63645 0
153237 0
203292 0
248428 0
215956 0
131539 0
248364 0
239901 0
144210 0
248355 0
187293 0
252451 0
45405 0
183197 0
239902 0
207764 0
199453 0
244451 0
247845 0
207705 0
244450 0
104929 0
91797 0
219932 0
232158 0
82835 0
92637 0
219989 0
197099 0
135763 0
236254 0
86931 0
96733 0
213148 0
238816 0
215893 0
201195 0
139859 0
21536 0
240353 0
193498 0
248548 0
133207 0
211797 0
211861 0
104470 0
207765 0
248547 0
243749 0
240415 0
252074 0
191262 0
170910 0
248554 0
166878 0
125016 0
91862 0
215130 0
184475 0
248551 0
207703 0
191390 0
75800 0
183198 0
199389 0
219867 0
152534 0
247978 0
195358 0
248097 0
244448 0
252138 0
100054 0
191326 0
211675 0
231453 0
187038 0
207579 0
202520 0
191134 0
207580 0
252130 0
117215 0
137564 0
66644 0
191197 0
187103 0
195422 0
183134 0
247334 0
207641 0
244386 0
88347 0
186134 0
201053 0
248484 0
240287 0
195229 0
236191 0
252066 0
191133 0
187039 0
46745 0
117017 0
244394 0
248095 0
194777 0
42587 0
80287 0
244392 0
143828 0
232093 0
252268 0
193248 0
227997 0
187231 0
223900 0
209699 0
188969 0
219804 0
205603 0
215708 0
205913 0
243170 0
215707 0
195165 0
240286 0
117149 0
252002 0
239132 0
191069 0
209313 0
247266 0
107282 0
211611 0
214233 0
112341 0
191070 0
244329 0
248425 0
86294 0
185002 0
128015 0
244383 0
124176 0
244319 0
120080 0
240223 0
248420 0
104535 0
248419 0
45977 0
248300 0
149854 0
45978 0
248299 0
248298 0
165976 0
210009 0
219803 0
240222 0
252394 0
178264 0
244322 0
153950 0
252395 0
248236 0
191005 0
153819 0
83411 0
239196 0
252329 0
236125 0
145496 0
238821 0
177878 0
252266 0
149141 0
199196 0
195101 0
149723 0
123920 0
231901 0
157012 0
227932 0
226342 0
157915 0
186909 0
190940 0
222425 0
104149 0
243367 0
182878 0
182814 0
128016 0
234658 0
235997 0
59613 0
202456 0
223836 0
182879 0
115728 0
42009 0
238754 0
240093 0
206552 0
219740 0
152470 0
144848 0
248416 0
210200 0
231900 0
108761 0
252204 0
198875 0
252201 0
75027 0
248360 0
248359 0
206040 0
219228 0
210713 0
252454 0
102550 0
243362 0
248358 0
252455 0
104083 0
248357 0
200988 0
108179 0
252453 0
99986 0
252452 0
92507 0
165718 0
256421 0
248353 0
178135 0
148243 0
119315 0
158045 0
168341 0
201000 0
244192 0
248352 0
88280 0
152406 0
242981 0
133540 0
107345 0
243683 0
119633 0
244256 0
252139 0
252456 0
244255 0
156250 0
125276 0
164761 0
252137 0
170332 0
252393 0
185243 0
46104 0
252392 0
42523 0
248297 0
222874 0
240158 0
156886 0
199132 0
252391 0
156504 0
211547 0
125344 0
217956 0
141731 0
75349 0
117216 0
252390 0
99218 0
162011 0
195036 0
213860 0
137635 0
140432 0
207451 0
65944 0
235498 0
152343 0
141466 0
252388 0
104407 0
252387 0
90899 0
84317 0
139413 0
111632 0
46105 0
214297 0
239654 0
207452 0
252450 0
244191 0
149593 0
149205 0
232028 0
244190 0
240094 0
240095 0
153689 0
100569 0
236061 0
207067 0
104665 0
231965 0
211163 0
145045 0
227868 0
252328 0
71966 0
227804 0
239659 0
88281 0
59549 0
140949 0
223772 0
63450 0
252327 0
209311 0
185114 0
104082 0
96603 0
178006 0
252325 0
223708 0
243755 0
84185 0
202648 0
256358 0
209246 0
223771 0
198295 0
256422 0
223835 0
248226 0
244128 0
149657 0
244127 0
207387 0
188907 0
124432 0
223707 0
243756 0
244126 0
112144 0
219611 0
182750 0
240030 0
116240 0
215515 0
235564 0
186846 0
256423 0
120336 0
227803 0
239660 0
213982 0
112793 0
235932 0
226905 0
202907 0
218078 0
108697 0
156822 0
231836 0
227740 0
88217 0
206104 0
112857 0
240157 0
202971 0
226408 0
227739 0
223643 0
252264 0
256359 0
63449 0
256360 0
13409 0
92443 0
256357 0
252261 0
252259 0
197408 0
252258 0
252257 0
215066 0
248161 0
145367 0
244064 0
91410 0
248031 0
190941 0
186845 0
210777 0
182686 0
219547 0
168984 0
244062 0
206681 0
243426 0
215451 0
164888 0
239966 0
239965 0
193372 0
211355 0
218969 0
247522 0
174494 0
189276 0
207259 0
214873 0
178590 0
178589 0
94421 0
231131 0
84380 0
173017 0
152724 0
170399 0
148561 0
231580 0
170398 0
199067 0
182685 0
75155 0
178588 0
174493 0
88476 0
13151 0
177113 0
166303 0
166302 0
203163 0
182684 0
182749 0
256296 0
256295 0
247906 0
79251 0
205217 0
174492 0
193311 0
235868 0
170396 0
194972 0
252195 0
144019 0
100829 0
149399 0
75736 0
248096 0
190876 0
112081 0
162206 0
148881 0
76126 0
54679 0
137637 0
238885 0
137636 0
111441 0
72030 0
185115 0
133541 0
226344 0
227675 0
99729 0
186781 0
205160 0
201503 0
178524 0
120016 0
226338 0
125411 0
149077 0
174560 0
205599 0
227227 0
174428 0
235036 0
166300 0
197407 0
219035 0
166236 0
185062 0
129440 0
145827 0
194199 0
100247 0
137638 0
106837 0
141730 0
145826 0
112663 0
252069 0
108502 0
239520 0
182619 0
170331 0
219483 0
100900 0
74707 0
252132 0
209116 0
209822 0
121314 0
223580 0
83347 0
186780 0
223195 0
145762 0
158046 0
88346 0
149857 0
222181 0
164246 0
211291 0
109092 0
103953 0
252129 0
209065 0
84250 0
247907 0
145761 0
209131 0
252136 0
231709 0
205851 0
252135 0
256231 0
226407 0
231708 0
193120 0
226277 0
168342 0
207195 0
104996 0
223516 0
124433 0
248033 0
204969 0
230501 0
170136 0
117220 0
222184 0
121316 0
166040 0
113125 0
210905 0
125413 0
121317 0
243935 0
124886 0
166235 0
203099 0
149527 0
243934 0
199003 0
153623 0
239838 0
149856 0
222112 0
55195 0
243817 0
156569 0
153951 0
156758 0
199004 0
218014 0
113122 0
75865 0
153952 0
160665 0
149855 0
209945 0
239837 0
46747 0
194908 0
42651 0
190812 0
125414 0
106645 0
129508 0
180954 0
174232 0
115920 0
252134 0
129507 0
223131 0
186716 0
67029 0
174426 0
71770 0
109091 0
213918 0
109026 0
79961 0
222680 0
136335 0
243555 0
109090 0
104995 0
222116 0
100897 0
136591 0
242978 0
71253 0
129504 0
140431 0
104994 0
109025 0
218020 0
104993 0
132495 0
231517 0
67157 0
125408 0
238753 0
162139 0
173975 0
129446 0
164181 0
107921 0
133470 0
129445 0
100898 0
99988 0
186650 0
104928 0
86167 0
177304 0
252005 0
182555 0
128660 0
182554 0
83541 0
109024 0
90263 0
96803 0
117214 0
133538 0
182618 0
211227 0
149076 0
133537 0
136850 0
194907 0
112598 0
177112 0
117217 0
213279 0
173016 0
113121 0
113120 0
129439 0
144529 0
227548 0
162075 0
207131 0
137634 0
113119 0
158044 0
137633 0
104927 0
203035 0
198939 0
235613 0
79445 0
121312 0
235099 0
133535 0
188839 0
70165 0
194843 0
100832 0
82071 0
222300 0
100896 0
231389 0
226396 0
104992 0
96801 0
92705 0
141729 0
100831 0
231003 0
137631 0
192935 0
66069 0
218392 0
116953 0
223451 0
75091 0
92639 0
129241 0
219355 0
59289 0
104926 0
125145 0
215259 0
178457 0
107985 0
133534 0
74900 0
155859 0
125343 0
145760 0
125407 0
63385 0
100830 0
219099 0
70804 0
151763 0
121247 0
252003 0
80154 0
141665 0
25055 0
152723 0
141664 0
247913 0
141663 0
96734 0
214296 0
121049 0
174361 0
104084 0
190746 0
121310 0
197910 0
141727 0
78357 0
230939 0
137567 0
117150 0
88543 0
148053 0
235035 0
133471 0
113117 0
178136 0
109021 0
194779 0
104729 0
182489 0
160919 0
84447 0
88478 0
213215 0
84446 0
186585 0
80351 0
194778 0
88477 0
239325 0
88542 0
160855 0
84383 0
152085 0
92573 0
104925 0
178393 0
156949 0
178394 0
84381 0
174297 0
95633 0
145758 0
92572 0
141662 0
67869 0
67805 0
76191 0
143893 0
121245 0
165847 0
98835 0
153949 0
205096 0
252075 0
104861 0
141661 0
194519 0
102931 0
152598 0
247979 0
230632 0
252012 0
96669 0
125212 0
252073 0
252072 0
76127 0
197469 0
62997 0
252068 0
72031 0
153885 0
252067 0
67287 0
169943 0
127507 0
149853 0
111697 0
243815 0
92574 0
217311 0
149789 0
145757 0
94357 0
190423 0
62102 0
107027 0
173590 0
252065 0
239596 0
129308 0
247977 0
145693 0
141597 0
205031 0
108956 0
226971 0
80220 0
202841 0
227163 0
141596 0
247842 0
141660 0
230437 0
247969 0
71835 0
104860 0
176921 0
96602 0
234973 0
153884 0
164180 0
121244 0
149788 0
168276 0
247970 0
243871 0
247976 0
145692 0
129374 0
96538 0
252007 0
247912 0
156821 0
162074 0
239775 0
63126 0
92442 0
79831 0
125277 0
125340 0
235163 0
121180 0
13087 0
80155 0
218330 0
120466 0
80219 0
168730 0
29468 0
231067 0
117084 0
247269 0
243818 0
243617 0
72029 0
168085 0
181146 0
178199 0
117083 0
71965 0
67870 0
153883 0
123601 0
218456 0
243819 0
247905 0
190487 0
112987 0
235614 0
149787 0
243808 0
129372 0
243807 0
145691 0
186391 0
108891 0
239710 0
108892 0
104796 0
243753 0
239657 0
198166 0
243752 0
125146 0
119824 0
247846 0
182295 0
121179 0
247844 0
243809 0
76059 0
242979 0
100633 0
100699 0
231518 0
156568 0
239656 0
129242 0
238883 0
96537 0
218393 0
243750 0
145627 0
99345 0
239655 0
88345 0
243748 0
141531 0
125275 0
205664 0
235500 0
235615 0
235499 0
209760 0
231404 0
231403 0
239590 0
186456 0
153302 0
243684 0
133404 0
184869 0
226399 0
145562 0
231402 0
96473 0
125211 0
157719 0
235742 0
13410 0
231581 0
239649 0
80090 0
133403 0
71899 0
58390 0
67868 0
119124 0
206873 0
156119 0
193434 0
165911 0
71900 0
161815 0
67804 0
116889 0
223387 0
129177 0
219291 0
239586 0
129307 0
125081 0
215195 0
243682 0
222174 0
104601 0
160918 0
218713 0
211099 0
117019 0
239585 0
117018 0
117082 0
239584 0
112986 0
235487 0
235488 0
239587 0
115537 0
222362 0
108827 0
239583 0
190681 0
157141 0
100698 0
125210 0
121114 0
160217 0
222118 0
194714 0
194713 0
190617 0
227421 0
95122 0
140305 0
201944 0
223324 0
104731 0
100504 0
207002 0
214170 0
231454 0
100635 0
137435 0
71382 0
211034 0
67286 0
54040 0
206938 0
186521 0
133339 0
182425 0
156884 0
129243 0
178329 0
79379 0
129306 0
21470 0
174233 0
25566 0
170137 0
62422 0
66837 0
121050 0
230747 0
218266 0
235550 0
157914 0
227357 0
95058 0
153818 0
149722 0
194649 0
46552 0
190553 0
234727 0
223259 0
58326 0
213793 0
116954 0
194648 0
166041 0
190552 0
226340 0
162009 0
173526 0
161945 0
161946 0
209196 0
144273 0
172762 0
182424 0
153754 0
201505 0
104666 0
227293 0
49564 0
149658 0
206937 0
182360 0
157849 0
198744 0
63643 0
188762 0
153753 0
170072 0
50648 0
170073 0
145561 0
193002 0
198680 0
194584 0
210906 0
209067 0
141465 0
188906 0
202776 0
165977 0
161944 0
161880 0
161881 0
190488 0
157785 0
186392 0
157784 0
243556 0
176794 0
153688 0
226651 0
75994 0
184935 0
182296 0
239134 0
137369 0
133273 0
234846 0
174104 0
206809 0
170008 0
104664 0
202713 0
176731 0
120985 0
149592 0
100568 0
132111 0
129176 0
136207 0
125080 0
120984 0
63709 0
71898 0
116888 0
75930 0
80025 0
185242 0
174103 0
190424 0
67738 0
62613 0
96408 0
136528 0
99217 0
17310 0
145497 0
103313 0
92312 0
21406 0
141401 0
165912 0
107409 0
144720 0
243045 0
88216 0
152342 0
25502 0
137305 0
137304 0
84121 0
133208 0
157720 0
160854 0
214488 0
71769 0
80026 0
129112 0
67675 0
144656 0
120920 0
63579 0
188698 0
59484 0
63580 0
192925 0
59483 0
192794 0
140560 0
116824 0
91861 0
55000 0
188827 0
235496 0
235432 0
214169 0
239528 0
239526 0
239589 0
185686 0
243621 0
140176 0
54423 0
181590 0
239525 0
235433 0
218584 0
67673 0
243622 0
148752 0
108632 0
91409 0
239529 0
239464 0
136853 0
239463 0
193371 0
205786 0
50647 0
243558 0
189275 0
74006 0
239462 0
243557 0
189338 0
170007 0
132757 0
243559 0
75864 0
243560 0
234593 0
135507 0
96407 0
222115 0
243495 0
67093 0
46616 0
243496 0
247267 0
243493 0
58645 0
185878 0
243492 0
50007 0
186070 0
63578 0
136785 0
243491 0
189402 0
67545 0
137303 0
127124 0
243171 0
247589 0
184938 0
247588 0
243432 0
243430 0
75801 0
71705 0
247587 0
193004 0
247526 0
108631 0
104536 0
67609 0
71061 0
67610 0
247523 0
239337 0
55323 0
243433 0
230433 0
123537 0
131347 0
100439 0
55324 0
213344 0
83991 0
96343 0
168084 0
92247 0
172180 0
112727 0
92248 0
92311 0
129111 0
88152 0
54231 0
107856 0
181910 0
62869 0
59418 0
161751 0
120791 0
239521 0
80024 0
141336 0
157655 0
239519 0
141335 0
185178 0
235423 0
125015 0
71704 0
133143 0
129047 0
145431 0
124951 0
124952 0
120855 0
63513 0
116759 0
235422 0
58327 0
103760 0
194198 0
55322 0
83927 0
227291 0
83863 0
243553 0
90453 0
87959 0
239457 0
94549 0
235421 0
235485 0
231325 0
108567 0
239455 0
213858 0
71640 0
87442 0
235358 0
189156 0
62166 0
83346 0
239454 0
239518 0
227228 0
42074 0
88151 0
59354 0
205215 0
55258 0
201119 0
222176 0
55259 0
86484 0
51163 0
90580 0
116758 0
112662 0
59353 0
243490 0
243489 0
120662 0
243488 0
108374 0
239392 0
104471 0
149462 0
239391 0
235357 0
100375 0
108566 0
231261 0
231260 0
141271 0
96279 0
92183 0
141270 0
137175 0
137174 0
88087 0
133079 0
210841 0
210842 0
29023 0
169494 0
243427 0
169047 0
231259 0
243424 0
239328 0
79702 0
239327 0
223130 0
235356 0
54937 0
239326 0
243423 0
235294 0
235293 0
235292 0
58518 0
231196 0
112469 0
231195 0
227099 0
239389 0
83219 0
223067 0
78867 0
206744 0
78931 0
197022 0
206808 0
152150 0
223066 0
41247 0
218970 0
192937 0
214874 0
198552 0
82899 0
231002 0
194456 0
194455 0
190359 0
62038 0
247461 0
178071 0
227098 0
235229 0
235228 0
169879 0
231132 0
165783 0
128144 0
198551 0
173080 0
104406 0
194263 0
227034 0
131603 0
161687 0
100311 0
94995 0
157591 0
153495 0
96215 0
92119 0
223002 0
227162 0
45343 0
88023 0
218906 0
193308 0
247458 0
218905 0
110742 0
189212 0
214809 0
98454 0
202584 0
234857 0
63063 0
198487 0
70166 0
198488 0
210776 0
222180 0
210712 0
223001 0
106646 0
153494 0
173974 0
116306 0
149398 0
108114 0
243296 0
141206 0
173910 0
213794 0
169815 0
222938 0
128918 0
222937 0
124822 0
230567 0
218841 0
161622 0
157526 0
205213 0
120402 0
161686 0
234663 0
214745 0
120726 0
147731 0
153430 0
201117 0
210648 0
214744 0
210649 0
116630 0
226276 0
206616 0
112534 0
182102 0
206615 0
186198 0
190231 0
190230 0
205149 0
182038 0
177942 0
173846 0
169750 0
165654 0
152469 0
104342 0
164115 0
149334 0
197021 0
161558 0
100246 0
96151 0
202455 0
92055 0
198359 0
128854 0
145237 0
124758 0
209053 0
149333 0
119060 0
124757 0
120661 0
141141 0
110868 0
116566 0
112470 0
213149 0
194262 0
190166 0
194326 0
209245 0
62933 0
181974 0
96150 0
116565 0
197343 0
137045 0
67544 0
92054 0
41437 0
209117 0
169686 0
226461 0
132949 0
165590 0
128853 0
161494 0
79767 0
157398 0
247397 0
79768 0
71576 0
67480 0
153366 0
55194 0
149270 0
218016 0
51099 0
90516 0
51098 0
51035 0
87700 0
55130 0
83604 0
51034 0
55129 0
66006 0
104278 0
51033 0
70102 0
141077 0
46938 0
176345 0
100182 0
46939 0
201444 0
214552 0
55064 0
156883 0
136981 0
55128 0
50970 0
46874 0
21085 0
63384 0
96086 0
132885 0
91990 0
218015 0
128789 0
87895 0
87894 0
91991 0
243369 0
120532 0
247462 0
222111 0
124693 0
247460 0
87765 0
59096 0
184731 0
247459 0
50905 0
234724 0
172506 0
55001 0
50906 0
46810 0
213919 0
116501 0
112405 0
63127 0
243303 0
243304 0
70675 0
247399 0
226409 0
59032 0
156182 0
184667 0
247396 0
247395 0
172570 0
243361 0
205084 0
108373 0
217955 0
243240 0
247335 0
226398 0
247332 0
243359 0
128593 0
247331 0
239262 0
145109 0
141013 0
243176 0
21407 0
243174 0
226397 0
247270 0
172375 0
58582 0
239017 0
136917 0
108310 0
247268 0
104214 0
239080 0
132821 0
243172 0
153301 0
42010 0
100118 0
63320 0
96022 0
243111 0
234922 0
160792 0
239018 0
243110 0
107473 0
144784 0
243109 0
243299 0
176666 0
243297 0
243107 0
91926 0
243295 0
239199 0
181718 0
239198 0
235165 0
235164 0
231068 0
226970 0
83798 0
75606 0
243234 0
202199 0
247330 0
124628 0
239135 0
243231 0
116436 0
239133 0
128724 0
238822 0
104213 0
79638 0
173399 0
75542 0
235101 0
235100 0
148181 0
197089 0
71446 0
222873 0
120531 0
71510 0
67351 0
63319 0
63255 0
63256 0
111696 0
218776 0
107600 0
214680 0
108245 0
243169 0
115155 0
243167 0
148244 0
78356 0
239071 0
74260 0
239070 0
62677 0
95958 0
239069 0
202391 0
87766 0
226969 0
149075 0
112340 0
230938 0
148624 0
206487 0
222113 0
198294 0
67350 0
222809 0
214616 0
120144 0
177814 0
205604 0
206423 0
201508 0
230505 0
202327 0
42329 0
190102 0
198231 0
112339 0
209244 0
234972 0
198230 0
17053 0
165461 0
210520 0
153108 0
108243 0
196956 0
230876 0
169557 0
206424 0
189464 0
230874 0
58581 0
83670 0
116048 0
173718 0
75478 0
226841 0
169622 0
222745 0
165526 0
218649 0
197348 0
218648 0
116305 0
161430 0
120401 0
157334 0
157333 0
157397 0
210456 0
46361 0
206359 0
144400 0
210455 0
177750 0
161429 0
75414 0
189149 0
169558 0
140948 0
136852 0
157269 0
210391 0
132756 0
206295 0
198103 0
124563 0
124627 0
145044 0
120467 0
177686 0
153173 0
116371 0
132755 0
218019 0
144981 0
112275 0
209180 0
144980 0
140884 0
149012 0
104147 0
201052 0
124562 0
164634 0
136851 0
95892 0
213152 0
197347 0
95893 0
222426 0
116370 0
172826 0
243105 0
128658 0
160538 0
184999 0
91796 0
217248 0
230556 0
140947 0
169493 0
165397 0
79509 0
95891 0
193245 0
79510 0
75413 0
177622 0
136786 0
144978 0
132690 0
124497 0
140882 0
144914 0
132689 0
91795 0
120465 0
226650 0
33181 0
149010 0
193182 0
71317 0
112209 0
169430 0
95827 0
161237 0
91732 0
87636 0
83540 0
140368 0
50840 0
147990 0
192859 0
71254 0
58967 0
54871 0
156377 0
67158 0
108113 0
50777 0
46681 0
50776 0
192795 0
46682 0
42586 0
38491 0
95826 0
140818 0
153045 0
140817 0
201129 0
153043 0
66261 0
148947 0
148946 0
58903 0
128529 0
54807 0
169366 0
165270 0
50712 0
144913 0
197033 0
38427 0
165269 0
152535 0
161173 0
157077 0
148945 0
50711 0
152217 0
83539 0
197530 0
132624 0
46617 0
238884 0
38426 0
29533 0
136720 0
128528 0
239015 0
108049 0
238953 0
74262 0
238952 0
243046 0
120337 0
152980 0
157140 0
157076 0
116241 0
238889 0
112145 0
62934 0
58838 0
234792 0
185179 0
197594 0
58839 0
62357 0
201690 0
54743 0
95697 0
234791 0
205849 0
243106 0
234729 0
234730 0
243103 0
230569 0
239006 0
239005 0
168147 0
239007 0
234909 0
234908 0
210010 0
95762 0
144849 0
83154 0
144850 0
230432 0
209068 0
230812 0
91666 0
140753 0
140752 0
79380 0
75285 0
71189 0
128464 0
99857 0
91602 0
243044 0
54742 0
193751 0
58774 0
189846 0
243043 0
243042 0
243041 0
50583 0
243040 0
197100 0
50584 0
42393 0
90962 0
218017 0
66965 0
132367 0
71060 0
87570 0
189655 0
62870 0
196826 0
238944 0
201196 0
148818 0
192990 0
238943 0
243039 0
124368 0
42392 0
238941 0
168083 0
234845 0
112080 0
160282 0
197345 0
234844 0
238945 0
201441 0
230748 0
103889 0
218520 0
213854 0
61911 0
222616 0
242980 0
25437 0
214424 0
238882 0
238881 0
238880 0
201132 0
87058 0
238879 0
91154 0
234783 0
152914 0
234847 0
234782 0
99281 0
136592 0
103377 0
132496 0
210327 0
202135 0
75220 0
198039 0
234781 0
78103 0
132431 0
71124 0
71188 0
198038 0
152345 0
107984 0
156186 0
238820 0
168410 0
99793 0
230683 0
29213 0
226587 0
99794 0
95698 0
226586 0
230685 0
87506 0
238819 0
87507 0
42073 0
120079 0
238818 0
226649 0
144146 0
222553 0
140050 0
238817 0
79315 0
205281 0
222552 0
234720 0
234719 0
234784 0
205228 0
234726 0
214360 0
128400 0
124304 0
230568 0
230620 0
226523 0
156693 0
226524 0
112016 0
222554 0
45469 0
83410 0
107920 0
234664 0
234662 0
218457 0
135954 0
234661 0
201502 0
210264 0
193942 0
234723 0
234659 0
226473 0
157011 0
197974 0
234657 0
177558 0
234656 0
197468 0
234721 0
234655 0
172377 0
222490 0
230622 0
136144 0
161174 0
234654 0
75219 0
201185 0
226460 0
226459 0
193252 0
91538 0
148882 0
222491 0
213796 0
75156 0
177494 0
206103 0
136080 0
193878 0
202007 0
173398 0
131984 0
189782 0
169302 0
189147 0
197911 0
95634 0
165206 0
222427 0
152471 0
161109 0
157013 0
214232 0
107665 0
144785 0
111569 0
140688 0
152915 0
66133 0
193815 0
148817 0
206039 0
21342 0
193814 0
201943 0
189718 0
197847 0
103697 0
210136 0
29534 0
50263 0
185622 0
25438 0
54359 0
181526 0
177430 0
177431 0
173335 0
177495 0
173334 0
169238 0
214168 0
169239 0
128399 0
119761 0
148880 0
161046 0
124303 0
180972 0
152913 0
165143 0
148816 0
119697 0
185623 0
136527 0
156948 0
189654 0
160856 0
189719 0
205976 0
184806 0
230502 0
185559 0
156947 0
201066 0
168407 0
152851 0
205162 0
201880 0
201879 0
127888 0
197783 0
173271 0
58710 0
193687 0
103824 0
169175 0
120207 0
165079 0
160983 0
160982 0
160981 0
120143 0
173207 0
62806 0
189591 0
185495 0
169111 0
54614 0
181399 0
165015 0
136463 0
66964 0
140559 0
144465 0
99665 0
152787 0
103761 0
189211 0
46487 0
70996 0
91474 0
218018 0
95570 0
37661 0
66900 0
66901 0
87378 0
54615 0
83283 0
83282 0
50519 0
46424 0
42328 0
75092 0
230504 0
230565 0
234596 0
111888 0
140113 0
107792 0
234592 0
230496 0
148308 0
209132 0
115984 0
54551 0
50455 0
91473 0
226345 0
226343 0
230438 0
230439 0
148688 0
201182 0
70932 0
156819 0
144592 0
66836 0
140496 0
193623 0
58646 0
79123 0
54550 0
66581 0
230559 0
176473 0
226278 0
222182 0
226339 0
226275 0
226274 0
218088 0
222179 0
17506 0
75028 0
218022 0
103696 0
131921 0
184939 0
218021 0
13215 0
54486 0
234591 0
230495 0
176409 0
46297 0
87314 0
46296 0
70868 0
196762 0
66772 0
83218 0
66773 0
200859 0
222364 0
210073 0
132304 0
218203 0
218202 0
132239 0
66708 0
147667 0
214106 0
226336 0
82452 0
66709 0
226335 0
204955 0
226400 0
82516 0
226334 0
54422 0
222301 0
222238 0
222237 0
222236 0
197784 0
214107 0
128143 0
222239 0
124048 0
218204 0
152659 0
119952 0
111760 0
54358 0
58454 0
213917 0
87250 0
218142 0
218140 0
107664 0
29086 0
99537 0
218139 0
226273 0
214043 0
226272 0
82388 0
83155 0
79059 0
181400 0
222175 0
115218 0
222240 0
86548 0
209946 0
74963 0
193624 0
74964 0
218077 0
103633 0
214044 0
222177 0
185496 0
209947 0
95441 0
205850 0
91345 0
91346 0
185432 0
181336 0
45341 0
218079 0
119314 0
177240 0
173144 0
222114 0
213981 0
213980 0
173143 0
209884 0
33500 0
209883 0
165016 0
201817 0
205787 0
193560 0
164952 0
164951 0
201752 0
197656 0
156757 0
169048 0
49437 0
209885 0
193561 0
204956 0
189465 0
156759 0
185368 0
181272 0
181273 0
177176 0
209821 0
209820 0
33436 0
185369 0
205724 0
201754 0
201689 0
66517 0
201627 0
189401 0
99473 0
213151 0
62421 0
95377 0
177177 0
87186 0
91282 0
83090 0
83091 0
160791 0
156695 0
201691 0
78995 0
197086 0
156694 0
74899 0
103568 0
197595 0
152657 0
156696 0
197531 0
160728 0
132175 0
156630 0
87185 0
152597 0
124047 0
181145 0
164825 0
177049 0
160729 0
66452 0
148498 0
172953 0
148497 0
168856 0
168857 0
136272 0
83027 0
201118 0
74835 0
74836 0
107601 0
99409 0
156567 0
185066 0
128079 0
152533 0
123983 0
62549 0
140304 0
87122 0
91218 0
83026 0
17441 0
136208 0
13345 0
132112 0
152532 0
46170 0
46169 0
152531 0
148435 0
21537 0
70739 0
217957 0
184875 0
50200 0
13344 0
217954 0
217953 0
217952 0
62485 0
213856 0
213920 0
94612 0
58389 0
54295 0
50199 0
213861 0
54294 0
21535 0
213859 0
213857 0
70676 0
95250 0
152468 0
78930 0
144337 0
148433 0
209701 0
213797 0
140241 0
17439 0
103441 0
17375 0
205663 0
17376 0
13280 0
131540 0
132048 0
148371 0
148372 0
78484 0
152467 0
82962 0
180844 0
180780 0
184940 0
184876 0
41945 0
78866 0
13279 0
114964 0
205725 0
95249 0
209758 0
127824 0
50136 0
91153 0
209757 0
41946 0
205661 0
205660 0
201564 0
25180 0
70611 0
209759 0
70612 0
66516 0
201565 0
17311 0
205662 0
123728 0
115664 0
127952 0
123856 0
205598 0
201501 0
115665 0
197405 0
193309 0
50072 0
29598 0
201504 0
99282 0
193310 0
197409 0
181082 0
62358 0
181081 0
176985 0
78803 0
78802 0
197344 0
180901 0
94930 0
176986 0
74643 0
70548 0
70547 0
185000 0
193251 0
193250 0
156505 0
86995 0
184998 0
17246 0
184997 0
17247 0
185061 0
123792 0
189155 0
102677 0
189091 0
13152 0
111186 0
131412 0
168794 0
164697 0
164698 0
115601 0
66453 0
193186 0
156441 0
189154 0
160601 0
193183 0
74644 0
184936 0
50008 0
184934 0
180837 0
94866 0
70484 0
180838 0
66389 0
66388 0
62293 0
189084 0
78739 0
185052 0
33629 0
184988 0
184987 0
193121 0
193119 0
91026 0
74580 0
86930 0
180955 0
33565 0
29469 0
144275 0
82579 0
25373 0
152405 0
152404 0
193118 0
152408 0
148309 0
140114 0
180891 0
180890 0
136017 0
172698 0
136016 0
168602 0
131920 0
200936 0
160602 0
164506 0
160537 0
156440 0
152344 0
152341 0
148245 0
86866 0
176795 0
86867 0
82771 0
168538 0
164442 0
78675 0
74579 0
99154 0
160474 0
156378 0
152281 0
54104 0
152280 0
152279 0
135953 0
152278 0
152282 0
131857 0
148182 0
119569 0
127760 0
62229 0
176342 0
148180 0
115473 0
58134 0
62230 0
58135 0
111377 0
107281 0
103185 0
160410 0
156314 0
70420 0
152218 0
66324 0
66325 0
144084 0
144083 0
152216 0
33501 0
29405 0
29404 0
25309 0
25308 0
21213 0
17117 0
17118 0
152215 0
78611 0
74516 0
37597 0
94994 0
144082 0
98772 0
90898 0
139986 0
102868 0
148118 0
152214 0
90963 0
135890 0
106964 0
86803 0
148117 0
160346 0
82707 0
148116 0
37596 0
49880 0
49881 0
49945 0
144020 0
131793 0
152153 0
152152 0
78612 0
107218 0
152151 0
139987 0
61912 0
205227 0
99089 0
205163 0
66260 0
70356 0
62165 0
205099 0
111313 0
143699 0
205098 0
172439 0
139923 0
184874 0
107217 0
147795 0
188970 0
188972 0
188971 0
193068 0
193003 0
193067 0
21149 0
17054 0
131794 0
111314 0
29340 0
25244 0
139922 0
102804 0
25245 0
135826 0
106900 0
184873 0
197098 0
41628 0
131729 0
188904 0
201131 0
139795 0
127633 0
160019 0
115410 0
197097 0
193000 0
45406 0
184871 0
21150 0
197035 0
135699 0
86739 0
82643 0
78547 0
115346 0
193057 0
193058 0
111250 0
205226 0
107154 0
188968 0
135827 0
197032 0
103058 0
66196 0
98962 0
193056 0
66197 0
217249 0
193055 0
94931 0
127634 0
119441 0
151827 0
90835 0
184808 0
37214 0
184807 0
115345 0
155923 0
29276 0
205161 0
201065 0
196969 0
196968 0
25181 0
196967 0
192871 0
192872 0
21086 0
197153 0
172246 0
41564 0
58007 0
74451 0
197152 0
127506 0
197151 0
209312 0
123538 0
188903 0
192994 0
192993 0
213409 0
213345 0
209314 0
197088 0
213408 0
205097 0
189020 0
193054 0
62103 0
184923 0
180827 0
197087 0
192991 0
176730 0
172634 0
184743 0
74261 0
184742 0
201184 0
29277 0
16990 0
57943 0
62039 0
201183 0
205280 0
102995 0
98963 0
98899 0
205279 0
193053 0
188957 0
25117 0
21022 0
16926 0
70228 0
70229 0
205216 0
82198 0
119377 0
66132 0
115282 0
160084 0
119378 0
41500 0
74388 0
180763 0
37404 0
135571 0
176667 0
197085 0
33308 0
139667 0
94867 0
168474 0
205214 0
102994 0
164378 0
90771 0
21023 0
25118 0
66134 0
184859 0
86675 0
78483 0
209310 0
74387 0
213343 0
213407 0
209247 0
61975 0
205150 0
57879 0
201116 0
148054 0
148052 0
156185 0
152090 0
152089 0
180699 0
143955 0
152088 0
184795 0
135762 0
176603 0
148055 0
131666 0
152087 0
176602 0
127570 0
156184 0
143957 0
164314 0
123474 0
160281 0
168409 0
164313 0
160280 0
147991 0
33309 0
156183 0
147989 0
164377 0
160216 0
156120 0
192924 0
156118 0
152022 0
188828 0
172505 0
164312 0
143892 0
172442 0
197020 0
139796 0
172441 0
168408 0
168345 0
168344 0
131667 0
164311 0
82515 0
180634 0
131602 0
160214 0
78420 0
78419 0
74324 0
123410 0
164310 0
78038 0
94803 0
168343 0
90707 0
86611 0
192860 0
143829 0
106709 0
180570 0
139732 0
184666 0
180571 0
176474 0
164309 0
123473 0
172378 0
160148 0
172376 0
147924 0
164244 0
152020 0
74325 0
90643 0
209195 0
127443 0
143764 0
37340 0
209194 0
139668 0
33244 0
123347 0
33245 0
29149 0
151956 0
209130 0
119251 0
25054 0
25053 0
45532 0
107026 0
135444 0
204972 0
209066 0
102930 0
204970 0
94739 0
151955 0
200999 0
147859 0
196903 0
143763 0
111122 0
131348 0
156051 0
213281 0
217377 0
209193 0
205032 0
33182 0
24991 0
41372 0
41373 0
200935 0
213280 0
37277 0
29087 0
139603 0
127379 0
37278 0
213342 0
33183 0
135572 0
37213 0
33119 0
217314 0
217313 0
41309 0
131476 0
131475 0
204968 0
204967 0
217310 0
213214 0
66007 0
213278 0
66071 0
209182 0
209181 0
119188 0
200871 0
196955 0
200872 0
90644 0
94740 0
217250 0
217247 0
217246 0
213277 0
213153 0
213150 0
78292 0
196891 0
200987 0
201051 0
78293 0
172245 0
74197 0
98771 0
205083 0
184602 0
213213 0
45468 0
111059 0
205020 0
205019 0
200923 0
106963 0
94676 0
102867 0
213212 0
176472 0
82389 0
176408 0
172312 0
196827 0
172311 0
209052 0
192731 0
70103 0
192730 0
188634 0
184538 0
176407 0
172374 0
168279 0
168278 0
160147 0
168277 0
180442 0
196763 0
192666 0
188570 0
184474 0
86485 0
180378 0
188571 0
180377 0
164179 0
74134 0
70038 0
168214 0
49565 0
176280 0
164116 0
176279 0
176278 0
139539 0
184473 0
90517 0
135317 0
115091 0
180376 0
86421 0
90581 0
176282 0
82325 0
123156 0
172183 0
172182 0
110933 0
94613 0
135443 0
172308 0
106773 0
102741 0
127252 0
98581 0
98645 0
41310 0
172244 0
94485 0
168148 0
164052 0
164051 0
102805 0
131221 0
98709 0
110869 0
143571 0
139475 0
159955 0
106901 0
172181 0
106836 0
163987 0
143507 0
139411 0
127188 0
123092 0
159954 0
155858 0
155794 0
155795 0
151699 0
118996 0
147603 0
114900 0
139412 0
163988 0
82261 0
159891 0
159890 0
135379 0
86293 0
135380 0
74070 0
151698 0
78166 0
82197 0
69974 0
143508 0
78102 0
41246 0
86357 0
74007 0
118997 0
114965 0
110805 0
135316 0
98517 0
82134 0
78039 0
86229 0
86230 0
118933 0
114837 0
82262 0
86166 0
82070 0
123029 0
82135 0
127125 0
114838 0
110741 0
90262 0
98453 0
94358 0
94422 0
